version https://git-lfs.github.com/spec/v1
oid sha256:60fa45ca1812439fc4c704eb0ed5c47c9cd1d0b590be32bafb23fa5d9c87e090
size 15447
