version https://git-lfs.github.com/spec/v1
oid sha256:be609ecb3cacff58252a267b6b805695d217055853e16d302aecac375040a7d1
size 236285
